data/modeling/yellowstone.asc
ncols        794
nrows        368
xllcorner    -116.991673858696
yllcorner    40.808330000000
cellsize     0.016666684783
[rows 266 to 303 of 368, columns 170 to 254 of 794]
1223 1235 1242 1254 1266 1277 1288 1295 1293 1296 1302 1310 1318 1343 1353 1333 1314 1297 1289 1283 1281 1281 1282 1279 1278 1280 1281 1281 1281 1282 1283 1286 1291 1309 1363 1453 1477 1382 1339 1455 1626 1610 1404 1387 1372 1389 1360 1346 1344 1339 1335 1333 1331 1319 1341 1347 1370 1420 1521 1617 1528 1493 1533 1565 1619 1753 1898 1978 1825 1772 1889 1807 1670 1614 1595 1635 1567 1519 1476 1499 1542 1572 1621 1689 1798
1243 1255 1267 1273 1276 1284 1296 1304 1310 1311 1314 1322 1337 1366 1391 1339 1313 1299 1290 1287 1285 1285 1285 1284 1281 1284 1284 1283 1283 1283 1288 1298 1310 1374 1529 1668 1637 1485 1371 1448 1667 1767 1503 1375 1358 1352 1351 1346 1341 1335 1334 1326 1320 1335 1354 1365 1375 1397 1450 1501 1486 1487 1518 1564 1606 1736 1800 1911 1882 1834 1924 1836 1727 1663 1627 1659 1583 1518 1480 1497 1532 1559 1605 1694 1871
1252 1256 1264 1274 1280 1284 1293 1320 1349 1329 1325 1333 1341 1345 1339 1319 1307 1301 1293 1290 1289 1289 1288 1287 1286 1286 1286 1285 1285 1287 1296 1314 1361 1501 1554 1619 1624 1524 1391 1508 1725 1725 1501 1393 1350 1344 1345 1340 1331 1322 1323 1324 1331 1341 1352 1365 1381 1406 1451 1488 1480 1490 1531 1592 1696 1785 1800 1831 1950 1908 2015 1916 1833 1712 1677 1653 1589 1548 1514 1491 1529 1567 1605 1683 1866
1263 1264 1269 1278 1280 1287 1298 1328 1345 1326 1334 1336 1332 1335 1323 1316 1308 1304 1300 1295 1294 1293 1292 1291 1290 1290 1289 1289 1288 1294 1312 1359 1456 1475 1537 1583 1479 1428 1437 1583 1756 1692 1452 1360 1342 1338 1337 1336 1327 1327 1332 1335 1341 1348 1362 1375 1404 1441 1523 1581 1527 1527 1564 1633 1832 2007 2084 1895 1977 1971 2109 1994 1901 1818 1698 1646 1599 1563 1534 1501 1526 1564 1615 1721 1923
1273 1277 1280 1286 1290 1299 1306 1311 1314 1317 1325 1329 1329 1328 1320 1314 1307 1306 1303 1301 1300 1299 1298 1296 1295 1295 1294 1295 1298 1306 1348 1461 1505 1489 1508 1440 1410 1413 1488 1608 1759 1693 1472 1368 1344 1339 1336 1334 1330 1334 1341 1346 1350 1357 1369 1389 1419 1448 1502 1538 1582 1634 1635 1673 1774 1904 2079 2007 1884 1980 2083 2025 2017 1867 1711 1657 1616 1601 1564 1515 1539 1587 1640 1722 1895
1289 1294 1300 1302 1300 1304 1307 1310 1313 1319 1322 1327 1328 1322 1315 1313 1311 1310 1308 1306 1305 1304 1302 1301 1306 1337 1354 1312 1318 1362 1529 1606 1536 1483 1460 1435 1427 1444 1489 1591 1763 1778 1494 1393 1362 1345 1341 1338 1334 1338 1347 1354 1359 1364 1374 1389 1411 1442 1489 1542 1609 1704 1811 1841 1789 1862 1999 2078 2049 1994 2095 2073 2053 1896 1769 1689 1633 1601 1568 1530 1543 1586 1637 1698 1818
1367 1362 1353 1338 1316 1317 1317 1318 1319 1321 1324 1326 1325 1321 1319 1318 1316 1315 1314 1312 1310 1308 1307 1308 1324 1334 1349 1370 1466 1537 1788 1720 1639 1501 1460 1452 1459 1473 1513 1609 1791 1848 1579 1457 1395 1355 1345 1342 1340 1345 1354 1362 1370 1377 1384 1397 1414 1439 1477 1536 1631 1787 1884 1910 1843 1802 1892 1950 2111 2032 2068 2062 2081 1933 1923 1736 1647 1609 1591 1559 1550 1580 1624 1686 1807
1570 1547 1440 1417 1345 1338 1335 1331 1328 1328 1329 1329 1327 1325 1325 1324 1323 1320 1319 1317 1316 1314 1314 1318 1325 1340 1388 1492 1732 1997 1937 1725 1580 1536 1520 1511 1513 1515 1555 1642 1824 1893 1658 1709 1476 1371 1352 1346 1344 1351 1360 1370 1379 1388 1397 1405 1423 1445 1474 1524 1592 1668 1737 1759 1888 1885 1908 1856 1921 2067 1981 1900 2021 2090 1944 1747 1679 1627 1583 1555 1574 1606 1665 1766 1896
1683 1688 1622 1529 1446 1371 1362 1348 1339 1337 1337 1335 1333 1330 1329 1329 1328 1326 1325 1323 1321 1320 1325 1334 1351 1392 1479 1623 1881 2098 1872 1727 1707 1722 1690 1643 1607 1586 1595 1682 1847 1944 1893 1841 1573 1426 1375 1353 1350 1357 1366 1377 1388 1398 1408 1418 1428 1448 1476 1510 1550 1594 1662 1726 1833 1851 1802 1801 1922 1946 1904 1828 1967 2104 1927 1732 1661 1622 1589 1562 1588 1658 1789 1967 2003
1780 1824 1808 1676 1521 1429 1394 1363 1353 1353 1351 1346 1341 1337 1336 1335 1335 1333 1331 1329 1328 1333 1346 1369 1401 1473 1605 1785 2048 2217 1972 1910 2061 2159 2022 1867 1751 1703 1687 1707 1893 2025 1972 1752 1588 1458 1394 1360 1355 1362 1371 1382 1393 1406 1417 1429 1440 1451 1470 1498 1537 1594 1680 1851 1907 1786 1741 1783 1965 1859 1776 1835 1876 2000 1899 1718 1661 1625 1597 1579 1613 1788 1837 1917 2083
1920 1906 1804 1659 1622 1557 1542 1415 1378 1373 1367 1358 1349 1343 1342 1342 1341 1340 1338 1336 1341 1354 1386 1437 1469 1540 1703 1914 2203 2422 2422 2285 2403 2359 2194 2053 2019 1943 1844 1766 1875 1991 1896 1731 1564 1450 1394 1366 1360 1367 1376 1386 1396 1408 1420 1434 1447 1461 1474 1491 1524 1574 1649 1763 1817 1809 1710 1721 1792 1746 1763 1780 1840 1990 1936 1768 1691 1640 1610 1603 1652 1772 1786 1824 1885
1923 1969 1865 1807 1814 1662 1606 1500 1411 1394 1382 1368 1357 1350 1348 1347 1348 1346 1344 1346 1360 1379 1412 1486 1556 1639 1823 2055 2376 2681 2631 2469 2481 2418 2447 2396 2347 2149 1879 1700 1834 1933 1760 1661 1524 1437 1390 1371 1366 1372 1383 1393 1402 1411 1421 1434 1450 1467 1484 1500 1517 1551 1599 1645 1672 1662 1659 1741 1840 1822 1891 1868 1844 1939 2005 1829 1697 1679 1642 1634 1664 1684 1718 1743 1777
1972 2031 2017 2009 1919 1765 1624 1568 1471 1430 1396 1378 1366 1357 1355 1355 1355 1354 1355 1407 1403 1417 1450 1494 1550 1657 1793 1982 2253 2443 2406 2235 2446 2473 2271 2096 1961 1817 1660 1592 1712 1764 1635 1538 1476 1422 1388 1377 1372 1375 1387 1398 1409 1419 1430 1441 1456 1472 1489 1511 1534 1548 1561 1576 1603 1660 1806 1978 2018 1955 1974 2008 1970 1951 1939 1860 1753 1771 1683 1658 1715 1708 1661 1735 1731
2038 2101 2089 1968 1896 1785 1678 1597 1649 1542 1439 1404 1384 1370 1365 1363 1363 1364 1384 1522 1507 1472 1475 1522 1597 1759 1979 2119 2148 2065 2043 1980 1996 2157 2097 1923 1767 1615 1543 1514 1541 1563 1506 1460 1429 1404 1391 1383 1377 1378 1388 1400 1411 1423 1435 1447 1461 1475 1493 1505 1531 1561 1583 1607 1645 1704 1841 1837 1924 1859 1860 1956 1965 1893 1949 1931 1864 1817 1728 1694 1725 1741 1657 1640 1662
2089 2100 2092 1973 1840 1744 1607 1703 1760 1614 1481 1432 1403 1384 1375 1371 1373 1379 1397 1504 1491 1483 1506 1555 1646 1824 2099 2046 1972 1924 1832 1828 1785 1777 1711 1640 1566 1552 1641 1665 1545 1493 1463 1447 1431 1412 1396 1387 1382 1383 1388 1398 1409 1419 1432 1450 1472 1498 1523 1540 1534 1546 1574 1611 1640 1667 1721 1829 1853 1832 1941 1878 1856 1847 1906 1883 1863 1855 1823 1774 1734 1710 1674 1606 1620
2162 2153 2053 1963 1952 1737 1741 1843 1832 1699 1546 1461 1423 1405 1388 1380 1386 1396 1410 1470 1474 1489 1520 1570 1657 1828 2012 2070 1984 1884 1827 1814 1831 1703 1607 1573 1584 1675 1855 1830 1681 1587 1534 1500 1469 1435 1411 1396 1388 1388 1390 1395 1405 1418 1436 1464 1500 1541 1595 1621 1608 1600 1583 1581 1626 1657 1714 1802 1795 1842 1966 1881 1821 1816 1909 1877 1905 2050 1947 1803 1746 1710 1708 1659 1600
2211 2175 2105 1944 1868 1916 1998 1954 1847 1752 1622 1508 1461 1435 1406 1389 1404 1420 1433 1484 1532 1532 1556 1603 1686 1878 2131 2215 2196 2134 2091 1850 1773 1724 1623 1604 1646 1732 1939 2021 1864 1698 1607 1559 1509 1463 1437 1413 1397 1395 1396 1399 1409 1427 1457 1492 1544 1640 1761 1814 1716 1681 1645 1633 1614 1658 1684 1687 1715 1762 1783 1798 1824 1886 1859 1865 1951 1926 1920 1846 1806 1714 1671 1653 1593
2171 2176 2051 2096 2127 2074 2015 1928 1812 1721 1630 1562 1506 1482 1423 1404 1439 1475 1477 1500 1575 1629 1641 1731 1778 1878 2180 2456 2495 2453 2276 2109 1966 1830 1722 1678 1693 1786 1953 2151 1969 1783 1706 1606 1536 1498 1467 1435 1409 1402 1403 1407 1421 1445 1484 1533 1587 1701 1859 2044 1919 1787 1731 1689 1654 1650 1651 1703 1753 1819 1824 1841 1842 1880 1882 1774 1814 1770 1864 1996 1915 1726 1645 1604 1569
2117 2102 2217 2210 2149 2104 2032 1927 1819 1715 1647 1594 1556 1524 1445 1438 1460 1517 1537 1544 1568 1630 1723 1823 2016 2059 2184 2395 2706 2803 2613 2471 2282 1991 1788 1703 1740 1852 2026 2225 2116 1901 1785 1656 1582 1535 1492 1454 1423 1410 1410 1418 1437 1464 1502 1555 1621 1709 1834 2033 2122 1961 1843 1756 1703 1704 1699 1679 1705 1729 1744 1704 1733 1848 1812 1731 1773 1834 1923 1879 1866 1736 1656 1586 1566
2173 2217 2196 2064 2137 2077 1992 1913 1822 1730 1664 1579 1522 1476 1487 1490 1508 1547 1645 1663 1611 1667 1775 1922 2180 2416 2526 2533 2652 2847 2772 2334 2123 1938 1794 1739 1786 1900 2060 2302 2153 1938 1804 1681 1630 1545 1498 1462 1436 1420 1418 1428 1450 1479 1516 1562 1619 1695 1806 1978 2168 2160 1986 1816 1814 1800 1742 1684 1642 1672 1756 1651 1698 1734 1683 1786 1843 1789 1839 1793 1782 1738 1653 1602 1630
2203 2160 2064 1909 1864 1903 1875 1853 1736 1635 1592 1580 1589 1513 1561 1547 1594 1685 1776 1733 1684 1715 1798 1948 2200 2479 2477 2382 2280 2301 2283 2094 2002 1861 1766 1725 1799 1954 2167 2255 2056 2016 1812 1688 1603 1546 1505 1472 1445 1428 1426 1436 1459 1491 1530 1576 1627 1714 1789 1888 1969 2193 2317 2010 1950 1882 1789 1711 1656 1599 1629 1592 1600 1610 1641 1734 1719 1735 1737 1752 1735 1712 1679 1642 1653
1961 1841 1825 1754 1677 1673 1623 1616 1633 1652 1647 1597 1531 1507 1640 1617 1698 1853 2101 1965 1784 1738 1855 2056 2289 2479 2479 2401 2136 1964 1901 1818 1759 1721 1688 1693 1775 1931 2151 2163 1942 1891 1767 1674 1609 1559 1518 1481 1449 1436 1433 1443 1464 1495 1534 1582 1638 1709 1796 1881 2050 2429 2502 2102 1993 1883 1808 1752 1688 1631 1579 1548 1549 1556 1573 1611 1650 1759 1785 1716 1773 1748 1751 1620 1580
2100 1929 1740 1681 1645 1656 1770 1864 1789 1715 1702 1678 1571 1494 1676 1696 1761 1944 2225 2192 1925 1793 1815 2016 2244 2508 2473 2088 1957 1838 1772 1740 1708 1646 1634 1663 1748 1914 2127 2031 1907 1793 1728 1641 1593 1553 1517 1482 1453 1444 1441 1451 1471 1499 1539 1588 1640 1707 1803 1925 2072 2505 2561 2184 2147 2051 1887 1759 1687 1637 1591 1552 1521 1524 1530 1552 1655 1762 1796 1694 1758 1774 1726 1592 1612
2042 1909 1811 1804 1755 1895 1920 1880 1784 1753 1668 1565 1539 1523 1597 1701 1774 1898 2139 2358 2108 1894 1825 1908 2080 2353 2323 2038 1853 1780 1716 1706 1633 1609 1605 1626 1689 1843 1934 2050 2084 1909 1716 1629 1575 1531 1498 1471 1455 1451 1452 1461 1482 1511 1547 1599 1657 1720 1801 1933 2129 2399 2639 2405 2364 2167 1974 1810 1696 1628 1567 1530 1503 1501 1503 1518 1608 1701 1704 1676 1743 1716 1700 1671 1529
2124 1968 1879 1969 2031 1998 1947 1932 1816 1745 1680 1695 1533 1510 1614 1689 1814 1903 2065 2332 2326 2019 1889 1899 2096 2191 2072 2044 1967 1801 1695 1655 1610 1590 1584 1592 1631 1703 1768 1944 2055 1879 1704 1615 1546 1502 1477 1467 1461 1458 1461 1471 1493 1524 1562 1603 1649 1706 1794 1997 2092 2157 2177 2223 2145 2175 2133 1864 1681 1591 1534 1498 1480 1476 1476 1484 1511 1582 1591 1604 1619 1672 1644 1594 1500
2280 2136 2074 1988 1942 1821 1818 1914 1833 1730 1783 1701 1605 1511 1606 1691 1900 2053 2109 2252 2409 2130 1931 1902 2080 2122 1951 1836 1831 1802 1683 1632 1607 1590 1575 1567 1582 1621 1670 1751 1848 1792 1614 1523 1497 1492 1490 1487 1478 1473 1472 1479 1497 1528 1563 1601 1645 1709 1816 1947 2084 2222 2260 2073 1946 2143 2128 1845 1657 1559 1493 1466 1459 1458 1457 1458 1472 1520 1556 1506 1530 1618 1625 1559 1480
2182 2180 2010 1840 1773 1753 1713 1826 1767 1758 1692 1740 1641 1518 1596 1707 1944 2246 2214 2196 2154 2123 1934 1881 2108 2075 1929 1870 1987 1926 1711 1624 1605 1590 1573 1567 1561 1556 1561 1570 1574 1567 1532 1524 1530 1529 1520 1511 1501 1490 1487 1488 1498 1517 1544 1579 1628 1692 1795 2001 2200 2265 2237 2133 1880 2080 1968 1782 1615 1523 1465 1438 1434 1433 1434 1437 1442 1461 1468 1484 1566 1620 1545 1511 1445
2020 1972 1888 1731 1704 1697 1701 1846 1870 1702 1611 1621 1531 1563 1663 1715 1867 2121 2272 2115 1980 2042 1936 1850 1947 1984 1897 1864 1969 1922 1682 1617 1601 1585 1585 1589 1586 1578 1572 1565 1603 1638 1585 1568 1571 1566 1554 1543 1531 1518 1508 1508 1516 1524 1537 1569 1613 1671 1752 1915 2035 2078 2007 2001 1831 1925 1762 1676 1574 1487 1430 1413 1409 1408 1407 1408 1412 1419 1437 1497 1553 1580 1520 1470 1424
1985 1960 1799 1700 1669 1634 1626 1620 1803 1724 1673 1556 1542 1667 1672 1718 1834 2009 2252 2231 1987 1886 1856 1815 1881 1934 1863 1923 1885 1713 1655 1621 1603 1621 1616 1615 1616 1614 1623 1622 1614 1626 1613 1609 1615 1607 1598 1586 1573 1554 1537 1541 1549 1553 1553 1572 1605 1659 1723 1806 1910 1912 1835 1792 1769 1809 1652 1577 1510 1444 1404 1392 1388 1387 1387 1387 1388 1393 1415 1463 1508 1575 1552 1488 1419
1897 1952 1783 1690 1653 1633 1585 1555 1563 1576 1558 1533 1584 1662 1710 1790 1874 1987 2157 2131 1941 1845 1814 1798 1818 1905 1922 1878 1784 1687 1653 1623 1639 1656 1649 1646 1649 1661 1683 1693 1685 1682 1669 1661 1668 1667 1663 1652 1633 1605 1579 1585 1592 1592 1586 1579 1596 1634 1680 1735 1798 1795 1703 1661 1663 1681 1588 1504 1462 1424 1398 1386 1376 1374 1372 1372 1373 1377 1393 1421 1476 1563 1593 1519 1438
1830 1870 1759 1665 1622 1616 1586 1587 1576 1537 1526 1551 1603 1649 1723 1818 1927 2120 2164 2026 1895 1834 1799 1781 1797 1884 1959 2053 1840 1703 1657 1645 1668 1680 1680 1685 1693 1725 1756 1785 1841 1820 1766 1734 1732 1747 1776 1753 1725 1705 1660 1647 1644 1639 1624 1612 1609 1613 1639 1654 1685 1643 1616 1598 1575 1557 1522 1478 1449 1422 1399 1380 1365 1361 1359 1358 1358 1360 1364 1378 1415 1491 1570 1565 1472
1762 1856 1754 1642 1610 1605 1566 1588 1608 1531 1563 1597 1626 1701 1774 1860 1942 2117 2276 2109 1929 1842 1794 1770 1780 1899 2006 1935 1803 1708 1656 1674 1696 1708 1716 1724 1739 1768 1834 1896 2070 2081 2004 1866 1818 1855 1909 1965 2007 1953 1819 1735 1704 1699 1689 1675 1654 1640 1620 1599 1601 1562 1546 1536 1524 1513 1493 1467 1442 1419 1394 1372 1358 1351 1348 1347 1346 1346 1348 1354 1367 1385 1438 1481 1486
1726 1748 1745 1639 1611 1569 1540 1541 1541 1547 1595 1620 1658 1713 1804 1955 2119 2100 2278 2344 2078 1917 1816 1769 1753 1806 1893 1966 1866 1705 1680 1694 1720 1738 1750 1795 1794 1821 1921 1985 2157 2271 2044 1950 1980 2099 2229 2354 2264 2101 2005 1872 1791 1790 1793 1761 1721 1681 1645 1599 1555 1527 1507 1493 1484 1481 1466 1444 1424 1404 1380 1362 1350 1342 1341 1339 1338 1338 1339 1344 1353 1363 1369 1379 1409
1670 1721 1683 1604 1585 1560 1590 1590 1580 1585 1628 1703 1726 1835 1916 1976 2111 2188 2265 2361 2367 2033 1886 1800 1754 1743 1778 1802 1793 1733 1720 1719 1745 1767 1789 1815 1853 1896 2011 2106 2248 2146 2130 2251 2374 2525 2610 2405 2233 2112 1997 1970 1989 1938 1894 1845 1793 1791 1720 1631 1559 1514 1493 1469 1457 1447 1432 1416 1404 1387 1365 1352 1342 1336 1333 1332 1333 1332 1335 1342 1352 1371 1374 1376 1376
1668 1632 1635 1609 1604 1576 1592 1624 1612 1630 1740 1853 1879 1914 2057 2146 2173 2352 2327 2251 2418 2304 2031 1845 1775 1748 1765 1835 1944 1848 1771 1765 1800 1825 1844 1881 1944 1985 2088 2075 2187 2355 2532 2626 2752 2737 2581 2574 2571 2301 2340 2347 2238 2213 2142 2024 1989 1985 1858 1674 1567 1521 1486 1458 1439 1423 1411 1397 1387 1375 1354 1343 1335 1331 1330 1328 1329 1329 1333 1346 1356 1371 1386 1397 1383
1663 1621 1597 1581 1580 1603 1625 1635 1649 1686 1821 2016 2029 2040 2127 2213 2241 2244 2154 2112 2271 2422 2176 1984 1805 1791 1840 1919 2059 1988 1872 1841 1919 1905 1944 1973 2082 2142 2268 2338 2235 2432 2600 2657 2729 2733 2803 2897 2756 2651 2683 2678 2581 2401 2283 2219 2097 1881 1763 1650 1574 1516 1474 1446 1422 1409 1399 1387 1377 1365 1346 1336 1330 1328 1325 1325 1325 1329 1341 1354 1364 1376 1387 1388 1390
1659 1629 1592 1583 1615 1625 1640 1671 1675 1761 1897 2034 2010 2077 2081 2063 2158 2261 2075 2025 2086 2242 2196 2014 1863 1821 1888 1988 2230 2295 2105 2018 1999 2047 2115 2072 2082 2264 2305 2404 2570 2573 2654 2796 2838 2796 2817 2898 2878 2739 2691 2521 2278 2194 2199 2150 1967 1848 1702 1611 1547 1493 1454 1425 1405 1392 1385 1376 1367 1350 1339 1330 1326 1323 1323 1322 1328 1340 1357 1367 1375 1383 1388 1391 1398
1625 1601 1583 1606 1619 1631 1653 1678 1741 1822 1777 1817 1856 1939 2008 1999 2216 2358 2263 2039 1991 2062 2086 1940 1855 1821 1898 1995 2204 2309 2255 2224 2141 2310 2349 2236 2129 2183 2346 2535 2777 2720 2518 2532 2606 2530 2473 2390 2391 2264 2342 2423 2255 1994 2012 2068 1889 1753 1654 1587 1526 1471 1431 1402 1383 1373 1376 1374 1366 1354 1339 1329 1324 1322 1324 1324 1337 1357 1379 1385 1389 1394 1395 1401 1431
