data/modeling/yellowstone.asc
ncols        794
nrows        368
xllcorner    -116.991673858696
yllcorner    40.808330000000
cellsize     0.016666684783
[rows 114 to 151 of 368, columns 595 to 679 of 794]
1329 1251 1221 1207 1186 1200 1221 1213 1200 1146 1108 1120 1133 1098 1076 1055 1067 1097 1110 1140 1135 1161 1149 1159 1137 1174 1165 1194 1216 1224 1210 1188 1173 1157 1138 1113 1122 1117 1113 1140 1155 1135 1127 1125 1145 1156 1187 1215 1230 1243 1251 1270 1254 1248 1252 1251 1252 1267 1243 1247 1238 1251 1253 1203 1182 1179 1168 1144 1117 1075 1053 1043 1053 1078 1113 1145 1175 1206 1194 1134 1154 1179 1130 1113 1138
1312 1272 1258 1242 1205 1158 1176 1196 1173 1158 1118 1101 1086 1107 1076 1055 1085 1124 1144 1174 1180 1179 1194 1179 1155 1164 1196 1199 1229 1195 1179 1160 1145 1143 1136 1121 1159 1143 1112 1155 1177 1184 1188 1148 1150 1171 1164 1170 1177 1188 1218 1232 1262 1276 1278 1270 1272 1272 1269 1244 1246 1253 1243 1228 1200 1172 1146 1146 1169 1085 1042 1103 1068 1100 1128 1129 1197 1211 1219 1178 1144 1162 1158 1181 1160
1305 1303 1266 1241 1197 1160 1135 1135 1157 1118 1091 1069 1071 1074 1073 1069 1082 1094 1125 1153 1206 1233 1282 1235 1199 1194 1182 1203 1234 1221 1192 1169 1177 1166 1146 1136 1170 1155 1121 1129 1163 1189 1215 1190 1150 1177 1196 1198 1203 1202 1204 1231 1248 1265 1260 1257 1243 1238 1243 1237 1204 1180 1195 1170 1197 1190 1172 1146 1121 1066 1068 1153 1146 1098 1165 1159 1160 1202 1217 1218 1198 1156 1176 1218 1216
1282 1248 1259 1271 1218 1170 1141 1123 1102 1097 1072 1092 1100 1088 1068 1094 1106 1087 1092 1114 1152 1197 1288 1351 1291 1256 1230 1206 1235 1227 1207 1194 1168 1150 1141 1164 1170 1151 1129 1145 1144 1183 1202 1216 1197 1174 1185 1219 1234 1241 1235 1234 1259 1272 1260 1244 1220 1201 1189 1187 1192 1178 1144 1141 1149 1153 1155 1134 1126 1050 1102 1157 1171 1147 1107 1134 1177 1168 1192 1214 1237 1204 1193 1229 1249
1290 1272 1245 1224 1196 1171 1136 1115 1100 1077 1091 1127 1140 1107 1078 1115 1144 1117 1123 1112 1114 1153 1237 1312 1321 1310 1275 1259 1249 1282 1241 1211 1182 1185 1171 1174 1186 1165 1140 1153 1156 1151 1172 1188 1219 1222 1193 1198 1234 1255 1269 1261 1263 1273 1268 1266 1241 1242 1228 1205 1181 1153 1143 1132 1113 1115 1113 1110 1064 1082 1121 1151 1176 1169 1149 1123 1121 1187 1200 1200 1230 1254 1237 1224 1239
1241 1256 1251 1264 1242 1196 1137 1104 1082 1085 1129 1145 1112 1085 1106 1103 1117 1154 1128 1160 1138 1120 1136 1180 1193 1233 1226 1248 1284 1303 1286 1227 1207 1228 1200 1194 1205 1182 1150 1153 1181 1164 1188 1200 1206 1228 1230 1205 1217 1240 1262 1250 1251 1245 1225 1250 1252 1245 1213 1198 1188 1169 1173 1150 1132 1105 1108 1113 1052 1071 1143 1169 1187 1196 1183 1153 1121 1164 1209 1233 1215 1228 1265 1261 1248
1189 1208 1207 1196 1187 1164 1114 1091 1108 1121 1139 1135 1093 1109 1126 1154 1128 1135 1209 1176 1225 1189 1150 1135 1145 1165 1177 1227 1275 1293 1320 1277 1256 1232 1218 1222 1194 1183 1161 1185 1165 1189 1168 1182 1204 1223 1236 1230 1227 1228 1254 1262 1234 1221 1219 1212 1226 1193 1204 1173 1131 1123 1114 1082 1079 1077 1053 1068 1075 1079 1111 1134 1168 1209 1195 1167 1170 1135 1161 1184 1211 1221 1242 1241 1219
1148 1156 1191 1169 1137 1122 1100 1097 1131 1136 1157 1136 1101 1117 1154 1201 1211 1175 1170 1221 1213 1231 1227 1184 1172 1186 1160 1169 1212 1217 1243 1278 1303 1287 1270 1242 1223 1189 1173 1196 1183 1188 1194 1188 1199 1211 1225 1254 1262 1244 1251 1253 1251 1230 1194 1171 1182 1213 1168 1142 1144 1116 1081 1067 1087 1088 1076 1107 1133 1129 1097 1141 1157 1191 1225 1193 1193 1173 1159 1139 1156 1187 1211 1193 1191
1141 1133 1128 1134 1141 1123 1132 1119 1151 1147 1167 1140 1115 1106 1157 1227 1287 1241 1185 1252 1246 1268 1266 1257 1199 1212 1230 1212 1173 1202 1229 1241 1266 1289 1321 1277 1229 1198 1221 1205 1235 1202 1213 1208 1195 1215 1236 1263 1246 1249 1252 1223 1217 1236 1219 1192 1146 1165 1185 1142 1104 1092 1071 1103 1120 1130 1098 1105 1167 1187 1131 1114 1151 1188 1200 1226 1229 1194 1188 1170 1142 1149 1165 1167 1174
1200 1192 1166 1176 1158 1125 1155 1172 1172 1178 1182 1159 1137 1104 1124 1185 1276 1266 1235 1228 1292 1283 1310 1268 1264 1225 1263 1260 1240 1191 1205 1225 1243 1284 1317 1288 1240 1236 1232 1247 1233 1254 1213 1245 1229 1222 1264 1283 1241 1206 1219 1233 1213 1196 1208 1203 1183 1128 1123 1120 1075 1091 1109 1118 1153 1178 1135 1106 1126 1173 1161 1124 1126 1147 1204 1205 1230 1223 1219 1197 1198 1157 1166 1168 1173
1218 1205 1207 1206 1171 1125 1136 1182 1200 1200 1179 1159 1125 1112 1118 1155 1214 1289 1313 1289 1259 1339 1332 1334 1300 1291 1256 1294 1252 1219 1243 1241 1266 1267 1288 1328 1299 1289 1262 1259 1285 1291 1253 1263 1282 1280 1288 1286 1234 1208 1189 1190 1205 1207 1178 1160 1196 1143 1103 1079 1075 1098 1147 1194 1170 1227 1173 1157 1134 1131 1165 1166 1144 1136 1149 1183 1193 1237 1240 1212 1193 1175 1163 1187 1208
1263 1281 1241 1214 1178 1143 1128 1170 1209 1186 1167 1147 1123 1129 1122 1142 1208 1295 1321 1331 1306 1321 1357 1358 1352 1336 1303 1324 1299 1251 1235 1269 1258 1294 1302 1295 1333 1346 1333 1303 1324 1334 1328 1320 1309 1277 1256 1226 1210 1205 1209 1189 1169 1188 1204 1165 1128 1102 1095 1113 1077 1090 1128 1161 1195 1235 1209 1199 1180 1151 1141 1206 1222 1174 1149 1160 1193 1222 1235 1234 1203 1181 1195 1190 1197
1261 1266 1240 1223 1196 1168 1134 1152 1189 1182 1148 1142 1135 1165 1167 1131 1156 1210 1226 1284 1332 1343 1338 1341 1341 1368 1366 1359 1341 1295 1249 1267 1291 1298 1302 1324 1345 1371 1345 1316 1320 1338 1297 1253 1261 1253 1206 1199 1190 1186 1182 1179 1178 1150 1178 1159 1117 1092 1134 1103 1079 1118 1120 1113 1149 1196 1209 1238 1224 1206 1162 1160 1218 1219 1199 1177 1176 1199 1229 1258 1228 1192 1212 1224 1221
1233 1221 1217 1212 1195 1173 1148 1146 1185 1178 1153 1174 1153 1192 1190 1168 1148 1146 1215 1276 1265 1322 1292 1269 1273 1322 1360 1371 1354 1305 1278 1290 1291 1319 1349 1351 1364 1331 1340 1334 1293 1249 1289 1282 1227 1202 1203 1183 1174 1167 1156 1149 1144 1136 1131 1110 1097 1131 1142 1088 1096 1130 1183 1180 1148 1138 1199 1231 1239 1231 1214 1189 1185 1224 1231 1228 1204 1192 1196 1229 1239 1222 1220 1244 1240
1301 1290 1267 1239 1206 1185 1159 1147 1177 1180 1172 1216 1181 1190 1237 1224 1199 1181 1158 1196 1235 1255 1256 1226 1265 1288 1300 1327 1373 1362 1307 1321 1340 1343 1373 1367 1333 1334 1303 1286 1295 1285 1237 1233 1229 1207 1176 1175 1172 1177 1171 1176 1186 1170 1127 1111 1144 1169 1121 1088 1140 1165 1155 1194 1213 1192 1146 1168 1193 1221 1235 1218 1205 1193 1208 1230 1236 1210 1193 1219 1247 1258 1241 1233 1243
1274 1245 1219 1193 1179 1183 1184 1155 1176 1207 1182 1257 1235 1203 1229 1260 1254 1260 1193 1193 1198 1186 1216 1223 1243 1278 1333 1364 1355 1371 1381 1369 1374 1371 1369 1350 1309 1282 1271 1261 1245 1231 1230 1207 1199 1212 1217 1223 1228 1213 1206 1193 1179 1151 1113 1156 1167 1181 1123 1097 1146 1178 1201 1176 1207 1218 1194 1176 1157 1211 1221 1219 1210 1226 1212 1225 1248 1229 1218 1211 1228 1257 1258 1257 1240
1214 1215 1218 1241 1246 1219 1195 1161 1184 1229 1201 1237 1301 1253 1229 1244 1287 1254 1210 1204 1271 1224 1218 1302 1294 1272 1293 1345 1372 1382 1383 1401 1389 1378 1369 1350 1323 1313 1309 1307 1291 1274 1249 1254 1260 1267 1271 1248 1222 1191 1168 1154 1138 1119 1138 1163 1179 1150 1116 1108 1179 1185 1186 1205 1191 1212 1215 1219 1200 1166 1190 1209 1228 1231 1226 1220 1247 1244 1237 1232 1231 1254 1269 1266 1256
1260 1306 1312 1296 1259 1222 1194 1170 1200 1269 1243 1218 1295 1286 1250 1305 1274 1300 1260 1197 1271 1257 1257 1236 1317 1345 1311 1294 1320 1328 1349 1389 1407 1397 1396 1383 1373 1371 1332 1293 1281 1270 1275 1287 1251 1221 1252 1214 1180 1166 1138 1131 1141 1153 1162 1175 1165 1108 1105 1144 1163 1184 1195 1208 1209 1204 1208 1205 1189 1211 1181 1202 1221 1237 1242 1229 1251 1255 1251 1251 1239 1247 1259 1257 1247
1292 1368 1340 1303 1259 1224 1201 1181 1225 1263 1268 1233 1256 1310 1276 1343 1308 1329 1260 1208 1244 1292 1319 1283 1260 1278 1312 1339 1327 1343 1364 1380 1380 1378 1361 1359 1325 1308 1312 1326 1292 1240 1217 1224 1262 1226 1185 1175 1152 1136 1143 1157 1166 1163 1180 1177 1153 1115 1116 1164 1174 1200 1209 1215 1241 1244 1232 1213 1214 1235 1214 1196 1201 1215 1241 1255 1282 1275 1278 1275 1281 1261 1252 1262 1243
1326 1399 1346 1301 1254 1228 1204 1201 1235 1289 1300 1264 1239 1300 1306 1325 1338 1322 1276 1224 1242 1260 1333 1328 1294 1323 1299 1295 1329 1356 1348 1354 1381 1371 1337 1320 1336 1316 1267 1262 1280 1306 1246 1217 1196 1179 1157 1150 1157 1162 1175 1180 1187 1193 1189 1178 1141 1106 1147 1170 1182 1195 1228 1260 1242 1283 1281 1240 1242 1258 1219 1204 1209 1201 1231 1238 1266 1303 1305 1292 1298 1277 1268 1255 1239
1376 1409 1341 1295 1255 1225 1222 1224 1246 1297 1318 1297 1263 1258 1325 1340 1326 1292 1251 1234 1313 1267 1289 1334 1345 1326 1340 1302 1336 1347 1351 1384 1385 1387 1357 1319 1291 1288 1295 1268 1239 1237 1231 1196 1170 1171 1205 1197 1213 1199 1218 1229 1236 1233 1203 1182 1157 1114 1142 1163 1209 1212 1191 1222 1209 1246 1276 1274 1296 1289 1269 1259 1255 1209 1210 1221 1248 1264 1287 1285 1257 1256 1268 1271 1253
1423 1392 1348 1297 1259 1240 1260 1253 1269 1294 1318 1298 1289 1265 1294 1349 1339 1281 1307 1248 1309 1349 1275 1311 1335 1355 1353 1342 1329 1353 1367 1388 1381 1356 1376 1349 1317 1268 1240 1260 1269 1220 1193 1170 1194 1209 1242 1215 1261 1258 1258 1257 1222 1200 1169 1161 1143 1117 1124 1159 1160 1166 1184 1198 1203 1203 1217 1259 1291 1341 1319 1278 1239 1229 1224 1235 1239 1272 1305 1316 1272 1250 1251 1254 1266
1419 1408 1357 1304 1273 1291 1301 1277 1310 1305 1313 1304 1304 1287 1299 1327 1339 1293 1330 1268 1282 1360 1308 1316 1341 1365 1373 1380 1350 1371 1376 1374 1350 1358 1329 1342 1337 1292 1256 1231 1229 1228 1181 1195 1238 1244 1242 1257 1246 1280 1280 1240 1233 1179 1157 1152 1135 1119 1142 1138 1145 1174 1193 1229 1257 1237 1245 1266 1300 1321 1342 1295 1302 1253 1263 1253 1271 1273 1287 1306 1270 1255 1259 1257 1241
1468 1417 1363 1320 1304 1339 1355 1337 1378 1365 1346 1348 1346 1300 1301 1322 1353 1335 1336 1309 1306 1325 1369 1334 1327 1355 1377 1396 1378 1371 1354 1347 1343 1317 1301 1310 1283 1288 1272 1239 1241 1207 1193 1225 1229 1254 1264 1262 1277 1282 1296 1272 1271 1231 1197 1156 1123 1118 1135 1136 1143 1148 1164 1193 1202 1191 1218 1246 1287 1325 1301 1330 1314 1288 1318 1280 1295 1320 1332 1335 1301 1271 1256 1256 1268
1554 1460 1387 1358 1367 1394 1425 1447 1474 1433 1397 1372 1342 1327 1319 1317 1350 1372 1353 1330 1318 1358 1366 1378 1366 1371 1385 1383 1373 1394 1377 1371 1339 1330 1305 1285 1259 1246 1240 1247 1221 1194 1217 1257 1265 1246 1255 1283 1312 1329 1317 1301 1300 1264 1229 1186 1170 1130 1118 1138 1184 1178 1145 1157 1159 1164 1175 1188 1230 1253 1242 1287 1316 1329 1333 1334 1325 1339 1324 1289 1279 1270 1254 1251 1246
1713 1503 1406 1442 1485 1527 1583 1616 1604 1535 1477 1416 1370 1345 1340 1375 1332 1370 1395 1384 1367 1370 1404 1417 1391 1375 1381 1369 1364 1364 1362 1352 1363 1376 1364 1344 1303 1280 1256 1219 1206 1226 1224 1265 1303 1315 1261 1282 1340 1313 1298 1270 1273 1294 1268 1229 1189 1156 1132 1118 1145 1211 1173 1162 1201 1210 1207 1194 1193 1200 1217 1237 1272 1288 1277 1322 1355 1338 1299 1284 1273 1268 1272 1262 1274
2027 1722 1526 1633 1750 1817 1881 1885 1858 1675 1529 1445 1393 1365 1386 1368 1353 1377 1418 1440 1409 1406 1412 1373 1372 1376 1351 1370 1361 1327 1332 1320 1306 1341 1334 1294 1283 1274 1246 1211 1242 1266 1258 1245 1294 1335 1299 1287 1320 1297 1260 1247 1236 1234 1227 1222 1222 1205 1160 1125 1142 1213 1210 1162 1202 1243 1278 1261 1242 1235 1220 1237 1236 1242 1253 1295 1322 1336 1340 1336 1319 1309 1313 1285 1278
1966 1862 1847 2063 2110 2049 1865 1815 1745 1659 1579 1488 1440 1402 1413 1384 1382 1410 1452 1440 1410 1378 1359 1334 1313 1312 1317 1304 1323 1344 1313 1300 1293 1281 1273 1260 1241 1228 1220 1226 1247 1289 1288 1262 1279 1307 1330 1312 1317 1325 1279 1274 1243 1210 1199 1183 1168 1161 1147 1125 1154 1215 1260 1179 1195 1269 1274 1311 1296 1276 1248 1265 1299 1301 1286 1268 1279 1312 1358 1369 1344 1351 1309 1281 1259
2475 2347 2252 2122 2128 2074 2094 1992 1768 1626 1588 1543 1523 1520 1473 1423 1421 1434 1457 1412 1372 1344 1344 1375 1379 1367 1354 1339 1292 1277 1275 1266 1247 1253 1245 1255 1250 1271 1240 1261 1267 1280 1326 1286 1310 1317 1342 1331 1339 1352 1332 1305 1270 1242 1242 1227 1210 1193 1150 1131 1158 1210 1265 1246 1182 1195 1225 1280 1310 1321 1294 1266 1280 1322 1303 1313 1324 1314 1357 1354 1311 1292 1269 1261 1253
2461 2344 2233 2226 2279 2216 2025 1953 1908 1740 1652 1591 1548 1501 1477 1486 1495 1485 1455 1405 1352 1371 1417 1407 1387 1367 1333 1304 1338 1358 1342 1281 1257 1289 1291 1293 1300 1285 1263 1265 1303 1299 1328 1318 1326 1350 1338 1293 1277 1319 1299 1293 1292 1277 1274 1274 1245 1211 1143 1139 1171 1244 1265 1297 1231 1193 1188 1225 1291 1328 1329 1294 1304 1305 1349 1318 1362 1347 1374 1346 1321 1299 1257 1248 1243
2433 2345 2323 2361 2276 2152 2240 2130 2000 1873 1686 1575 1529 1488 1455 1426 1438 1437 1431 1374 1390 1442 1455 1397 1366 1337 1330 1340 1383 1379 1331 1266 1298 1337 1339 1349 1312 1276 1306 1278 1301 1329 1359 1359 1345 1329 1310 1299 1291 1249 1272 1248 1248 1255 1265 1288 1232 1184 1137 1158 1209 1206 1241 1307 1291 1264 1208 1194 1252 1275 1309 1312 1321 1318 1342 1370 1375 1390 1368 1336 1301 1284 1292 1285 1263
2587 2428 2410 2315 2384 2363 2269 2216 2142 1986 1760 1667 1590 1531 1492 1470 1438 1413 1413 1392 1415 1439 1431 1406 1362 1346 1362 1392 1404 1372 1324 1269 1338 1378 1393 1349 1318 1299 1317 1299 1306 1329 1374 1327 1296 1301 1299 1276 1271 1257 1223 1236 1227 1212 1223 1227 1244 1188 1137 1180 1236 1278 1244 1254 1297 1339 1296 1217 1204 1256 1272 1288 1296 1284 1323 1331 1376 1382 1375 1366 1345 1315 1317 1308 1260
2615 2492 2438 2436 2520 2403 2257 2224 2229 2103 1885 1742 1617 1546 1511 1478 1436 1415 1413 1415 1459 1452 1435 1382 1354 1397 1396 1408 1375 1342 1320 1276 1325 1400 1388 1352 1357 1331 1317 1345 1331 1343 1356 1330 1300 1273 1297 1283 1246 1235 1242 1202 1194 1189 1183 1179 1184 1148 1150 1200 1204 1255 1309 1302 1287 1319 1341 1285 1236 1219 1258 1295 1260 1257 1272 1295 1338 1333 1379 1377 1362 1367 1343 1320 1269
2622 2559 2502 2558 2511 2369 2286 2219 2125 1986 1844 1720 1621 1548 1509 1480 1443 1430 1413 1406 1426 1452 1446 1411 1367 1392 1414 1414 1397 1370 1306 1297 1322 1353 1396 1381 1392 1348 1359 1344 1372 1367 1347 1305 1290 1294 1254 1243 1234 1206 1196 1179 1184 1173 1194 1175 1144 1165 1207 1230 1251 1230 1263 1298 1338 1333 1355 1308 1293 1266 1225 1229 1260 1282 1300 1293 1297 1329 1352 1377 1368 1343 1309 1286 1278
2663 2597 2617 2702 2550 2406 2415 2296 2089 1796 1754 1742 1699 1610 1544 1494 1477 1463 1444 1409 1417 1442 1413 1386 1380 1420 1438 1401 1370 1340 1308 1312 1348 1365 1382 1413 1410 1390 1388 1370 1358 1327 1338 1298 1272 1270 1243 1214 1201 1206 1216 1208 1232 1242 1216 1170 1166 1182 1212 1246 1304 1278 1260 1292 1326 1376 1374 1379 1343 1302 1269 1243 1271 1299 1323 1336 1346 1320 1340 1369 1354 1337 1338 1314 1308
2756 2670 2726 2801 2669 2507 2446 2315 2072 1838 1706 1659 1621 1604 1564 1515 1507 1514 1471 1426 1411 1409 1393 1410 1452 1439 1433 1387 1368 1328 1307 1342 1370 1387 1397 1373 1389 1342 1346 1353 1335 1327 1295 1294 1253 1223 1210 1227 1254 1263 1255 1255 1272 1278 1236 1167 1180 1238 1218 1205 1239 1289 1304 1304 1308 1337 1358 1388 1362 1360 1331 1285 1252 1265 1308 1337 1374 1360 1347 1381 1396 1363 1343 1353 1347
2808 2793 2900 2917 2716 2534 2400 2204 2056 2075 1837 1685 1615 1609 1567 1537 1512 1494 1506 1486 1466 1441 1410 1406 1459 1459 1426 1376 1350 1316 1350 1350 1396 1415 1410 1372 1326 1333 1302 1304 1313 1283 1280 1264 1236 1222 1265 1253 1276 1296 1293 1303 1281 1276 1240 1168 1182 1236 1256 1256 1231 1229 1272 1311 1354 1352 1372 1400 1383 1344 1330 1314 1319 1268 1284 1324 1351 1363 1378 1380 1393 1381 1370 1381 1390
2881 2936 2968 2723 2534 2455 2338 2189 2148 2136 1979 1735 1662 1663 1591 1545 1519 1486 1468 1464 1465 1476 1468 1454 1413 1433 1422 1363 1329 1348 1359 1382 1383 1397 1370 1384 1330 1299 1291 1277 1277 1273 1249 1231 1228 1258 1304 1282 1301 1306 1288 1264 1266 1261 1221 1166 1191 1252 1285 1292 1280 1256 1254 1258 1287 1334 1369 1379 1392 1377 1378 1346 1317 1315 1278 1295 1327 1335 1352 1373 1392 1400 1387 1389 1372
