data/modeling/yellowstone.asc
ncols        794
nrows        368
xllcorner    -116.991673858696
yllcorner    40.808330000000
cellsize     0.016666684783
[rows 228 to 265 of 368, columns 340 to 424 of 794]
2172 2023 1980 1983 1993 2169 2262 2244 2007 2009 2260 2591 2347 2118 1986 1873 1793 1727 1851 1954 1988 2133 2158 1987 2091 1994 2067 1941 2093 2187 2222 2370 2232 2051 2163 2213 2210 2368 2737 2561 2366 2627 2667 2560 2872 2926 2637 2398 2345 2448 2356 2376 2332 2254 2182 2131 2118 2148 2159 2167 2208 2208 2224 2242 2253 2290 2333 2421 2424 2424 2423 2422 2380 2339 2332 2325 2358 2467 2406 2446 2470 2507 2668 2820 2750
2291 2235 2124 2054 2026 2215 2410 2336 2140 2055 2273 2569 2393 2218 2000 1897 1834 1734 1787 1897 2062 2234 2501 2232 2168 2313 2386 2090 1953 2198 2486 2529 2415 2198 2057 2133 2115 2257 2630 2751 2464 2621 2868 2758 2685 2555 2492 2459 2418 2435 2382 2320 2268 2196 2172 2201 2154 2199 2218 2249 2207 2219 2250 2276 2290 2341 2387 2436 2391 2402 2433 2413 2355 2336 2328 2328 2347 2419 2384 2417 2443 2473 2569 2643 2466
2675 2521 2369 2170 2066 2156 2395 2475 2266 2111 2180 2408 2492 2228 2016 1877 1790 1732 1778 1851 1922 2168 2490 2515 2382 2494 2491 2347 1984 2118 2395 2563 2454 2257 2080 2110 2095 2199 2486 2806 2652 2623 2846 2793 2798 2804 2821 2571 2526 2414 2291 2245 2210 2201 2233 2262 2203 2171 2193 2224 2239 2249 2292 2421 2460 2470 2475 2429 2379 2393 2452 2449 2364 2337 2332 2330 2375 2354 2373 2401 2434 2449 2417 2444 2537
2639 2716 2578 2395 2231 2132 2200 2395 2368 2123 2010 2136 2270 2242 1983 1883 1791 1745 1776 1826 1953 2230 2455 2771 2668 2470 2284 2245 2046 2047 2254 2497 2424 2237 2131 2057 2075 2112 2323 2704 2689 2793 2781 2733 2983 3084 2944 2709 2566 2385 2346 2257 2251 2273 2270 2228 2253 2237 2265 2273 2251 2251 2365 2467 2430 2421 2416 2426 2395 2362 2416 2433 2380 2338 2328 2320 2378 2350 2352 2366 2386 2389 2428 2538 2584
2441 2438 2470 2445 2393 2215 2060 2144 2305 2220 1994 1924 2011 2061 1928 1812 1761 1737 1765 1809 1934 2198 2478 2728 2801 2562 2368 2136 2020 1948 2133 2297 2486 2341 2167 2122 2133 2142 2219 2354 2434 2552 2610 2673 3007 2889 3006 2854 2625 2428 2309 2273 2315 2334 2300 2290 2344 2366 2418 2398 2378 2355 2382 2387 2385 2393 2365 2366 2362 2343 2361 2446 2402 2342 2325 2325 2366 2344 2326 2340 2389 2409 2395 2452 2495
2271 2351 2299 2392 2376 2357 2154 2029 2033 2051 1923 1874 1857 1869 1821 1784 1750 1738 1763 1807 1865 2109 2442 2726 2675 2436 2174 2122 2108 2087 1978 2173 2343 2446 2231 2217 2183 2323 2343 2500 2588 2724 2687 2593 2701 2635 2862 2818 2794 2604 2332 2459 2483 2465 2441 2460 2455 2466 2470 2440 2414 2388 2361 2346 2346 2345 2338 2336 2328 2321 2329 2372 2400 2338 2318 2329 2358 2378 2315 2344 2367 2385 2365 2327 2362
2176 2239 2281 2238 2284 2264 2147 2059 2008 2002 2007 1939 1881 1892 1835 1820 1762 1742 1761 1799 1854 2079 2364 2580 2729 2387 2200 2545 2563 2233 1999 2072 2247 2503 2395 2285 2393 2430 2548 2705 2752 2715 2658 2632 2848 2654 2497 2468 2485 2446 2380 2561 2538 2510 2502 2467 2438 2423 2418 2391 2381 2362 2346 2336 2335 2345 2317 2306 2304 2302 2309 2300 2326 2318 2315 2316 2340 2357 2319 2330 2336 2367 2332 2291 2307
2072 2203 2207 2266 2180 2334 2307 2285 2298 2171 2005 1953 1905 1873 1875 1858 1764 1747 1753 1784 1873 2267 2537 2652 2848 2538 2513 2861 2648 2455 2154 2013 2221 2440 2571 2459 2465 2490 2572 2945 2881 2759 2678 2726 2927 2878 2658 2674 2686 2529 2547 2619 2551 2505 2475 2461 2434 2411 2403 2392 2380 2366 2351 2339 2336 2329 2333 2318 2301 2291 2288 2288 2286 2302 2297 2298 2326 2329 2308 2291 2327 2365 2300 2268 2293
2063 2082 2130 2171 2277 2332 2227 2168 2170 2077 1923 1889 1889 1822 1791 1767 1754 1754 1762 1803 1877 2049 2363 2547 2795 2667 2788 2649 2306 2221 2114 2036 2073 2216 2501 2485 2317 2322 2420 2848 2892 2812 2796 2855 2930 3010 2801 2634 2623 2696 2714 2678 2608 2575 2539 2506 2449 2434 2422 2408 2391 2382 2369 2355 2367 2343 2326 2308 2298 2303 2305 2273 2274 2293 2283 2287 2310 2351 2354 2282 2287 2317 2293 2277 2351
2157 2070 2039 2157 2119 2063 2094 1997 2063 1941 2060 2119 2017 1901 1907 1830 1760 1761 1773 1814 1866 1928 2094 2391 2497 2457 2633 2729 2302 2411 2466 2266 2079 2077 2299 2424 2270 2164 2331 2480 2601 2745 2721 2772 2889 2954 2777 2865 2882 2820 2753 2675 2643 2591 2542 2502 2477 2466 2455 2445 2425 2418 2394 2365 2320 2300 2307 2328 2301 2292 2285 2278 2262 2271 2271 2279 2284 2277 2287 2276 2259 2270 2266 2253 2299
2073 2081 2036 2017 2059 2178 2082 2089 2081 2017 2072 2192 2104 1990 1973 1864 1797 1771 1783 1811 1843 1877 1921 2160 2417 2628 2699 2760 2453 2620 2850 2418 2183 2017 2094 2105 2109 2203 2342 2417 2602 2742 2700 2702 2818 2937 2947 2936 2964 2834 2762 2695 2618 2559 2522 2486 2443 2410 2386 2403 2416 2403 2369 2316 2298 2276 2263 2272 2258 2247 2247 2252 2253 2260 2261 2267 2299 2301 2268 2267 2255 2245 2240 2234 2242
2073 2063 2066 2054 2088 2163 2301 2272 2255 2133 2046 2180 2192 2082 1997 1884 1847 1800 1784 1808 1833 1858 1883 2011 2365 2419 2479 2628 2804 2793 2815 2450 2267 2159 2119 2177 2068 2154 2245 2386 2593 2654 2694 2673 2658 2678 2673 2703 2890 2861 2732 2638 2545 2488 2470 2435 2398 2372 2348 2335 2326 2319 2301 2284 2277 2274 2259 2246 2247 2246 2241 2243 2245 2251 2264 2272 2261 2268 2261 2259 2248 2237 2232 2228 2235
2033 2033 2052 2097 2154 2233 2278 2342 2304 2235 2146 2126 2198 2155 2087 1956 1896 1826 1786 1812 1830 1854 1886 1934 2070 2383 2636 2802 2728 2608 2767 2785 2766 2327 2303 2280 2058 2144 2280 2429 2439 2573 2654 2813 2716 2722 2650 2588 2595 2595 2555 2515 2509 2503 2454 2422 2448 2413 2345 2327 2316 2304 2292 2281 2271 2261 2256 2247 2240 2240 2236 2236 2244 2249 2251 2299 2332 2310 2288 2259 2231 2230 2224 2220 2228
2013 2058 2183 2185 2208 2381 2461 2423 2424 2287 2309 2188 2221 2199 2148 2051 1978 1893 1809 1809 1836 1856 1881 1918 1983 2340 2524 2596 2457 2484 2462 2689 2816 2580 2377 2220 2064 2150 2306 2600 2741 2889 2921 2885 2814 2713 2657 2646 2686 2700 2587 2588 2523 2488 2466 2416 2368 2346 2332 2319 2308 2298 2288 2282 2307 2307 2278 2261 2239 2229 2229 2261 2260 2260 2266 2306 2316 2307 2343 2272 2225 2219 2217 2213 2216
2007 2039 2143 2182 2243 2294 2343 2393 2457 2306 2234 2226 2258 2256 2162 2046 2024 2020 1896 1814 1862 1906 1893 1908 1938 2039 2287 2406 2384 2505 2561 2552 2787 2568 2344 2264 2145 2153 2281 2553 2834 2793 2905 2971 2844 2755 2723 2628 2691 2801 2620 2515 2465 2429 2424 2409 2377 2346 2332 2330 2335 2302 2298 2329 2341 2321 2305 2289 2252 2223 2228 2242 2243 2240 2236 2244 2240 2233 2243 2256 2226 2210 2210 2207 2203
2010 2019 2179 2270 2361 2266 2250 2219 2253 2205 2191 2219 2280 2323 2202 2110 2187 2090 1995 1859 1858 1906 1894 1897 1919 2012 2300 2703 2572 2629 2653 2645 2823 2615 2481 2307 2214 2162 2269 2408 2750 2519 2722 3069 2897 2799 2740 2655 2565 2581 2565 2484 2447 2424 2406 2387 2351 2332 2345 2350 2368 2346 2326 2359 2326 2310 2280 2270 2253 2219 2216 2212 2207 2205 2200 2195 2192 2186 2183 2191 2213 2208 2202 2200 2197
1989 1984 2107 2309 2372 2310 2271 2251 2170 2106 2108 2095 2175 2225 2301 2275 2189 2102 2055 2013 1860 1974 2020 2000 1942 1968 2106 2395 2468 2623 2747 2709 2885 2671 2483 2287 2161 2142 2224 2356 2752 2407 2583 2974 2931 2709 2757 2738 2708 2648 2638 2528 2466 2404 2392 2391 2368 2332 2331 2312 2312 2355 2324 2324 2339 2297 2285 2267 2246 2227 2210 2208 2204 2199 2195 2191 2193 2193 2178 2173 2176 2223 2244 2224 2197
1977 1962 2023 2276 2201 2316 2269 2265 2295 2192 2051 2012 2024 2151 2241 2180 2155 2024 1947 1946 1867 1893 1951 2007 2000 1959 2097 2329 2289 2518 2828 2768 2720 2770 2468 2257 2228 2135 2216 2303 2405 2347 2533 2831 2736 2607 2567 2577 2645 2697 2599 2525 2450 2398 2367 2338 2333 2320 2319 2314 2290 2301 2320 2305 2284 2278 2257 2243 2231 2225 2213 2208 2212 2221 2219 2205 2226 2214 2184 2171 2166 2185 2233 2276 2254
1994 1959 1968 2097 2172 2305 2347 2281 2243 2258 2205 2081 1965 2021 2170 2102 2018 2007 1881 1857 1836 1882 1971 2040 2168 2039 2183 2451 2324 2368 2808 2834 2596 2678 2436 2315 2383 2182 2202 2452 2825 2767 2653 2626 2549 2579 2525 2506 2559 2693 2664 2515 2418 2386 2376 2373 2359 2347 2335 2318 2298 2283 2269 2292 2271 2280 2246 2235 2247 2240 2221 2232 2238 2250 2270 2255 2242 2244 2226 2185 2162 2168 2227 2258 2254
2000 1967 1969 2045 2168 2186 2241 2383 2421 2421 2336 2216 2061 1932 2010 2106 2041 1922 1859 1837 1837 1840 1884 2010 2185 2135 2243 2549 2674 2464 2730 2863 2615 2591 2486 2456 2346 2232 2217 2425 2891 2883 2767 2689 2771 2712 2584 2518 2486 2582 2583 2429 2417 2421 2409 2402 2393 2384 2368 2343 2318 2295 2281 2267 2251 2245 2249 2257 2277 2278 2232 2222 2219 2226 2222 2240 2232 2232 2210 2195 2158 2162 2215 2255 2312
2118 2051 1979 1986 2160 2367 2410 2372 2489 2393 2299 2227 2147 1995 1913 2037 2087 1918 1851 1841 1837 1837 1855 1904 2071 2097 2315 2767 2663 2659 2680 2943 2822 2749 2592 2453 2402 2317 2269 2443 2800 2989 2897 2879 3102 2855 2726 2602 2541 2482 2501 2454 2443 2438 2422 2400 2385 2365 2338 2321 2306 2291 2281 2268 2255 2245 2233 2227 2251 2269 2257 2256 2218 2205 2192 2182 2182 2195 2196 2199 2160 2160 2209 2261 2338
2257 2202 2077 2001 2045 2250 2328 2454 2459 2450 2486 2381 2193 2018 1917 1927 1964 1941 1860 1844 1840 1841 1848 1872 2007 2184 2512 2535 2709 2803 2770 2994 2918 2780 2587 2488 2420 2306 2264 2384 2762 2998 2813 2827 3016 3111 2931 2792 2641 2605 2587 2480 2446 2427 2416 2389 2370 2361 2345 2325 2305 2296 2288 2279 2276 2267 2262 2249 2222 2213 2217 2232 2204 2189 2196 2173 2157 2156 2160 2172 2163 2155 2219 2277 2298
2234 2276 2319 2219 2085 2087 2237 2447 2548 2473 2520 2468 2219 1984 1931 1934 2063 2067 1901 1853 1845 1845 1851 1867 2018 2292 2566 2384 2601 2679 2630 2825 3031 2928 2755 2552 2439 2400 2323 2299 2671 3095 2990 2758 2727 2822 2659 2588 2554 2536 2613 2556 2465 2446 2423 2386 2363 2353 2341 2336 2350 2343 2336 2322 2301 2277 2260 2245 2274 2273 2231 2202 2188 2184 2190 2175 2157 2144 2149 2178 2166 2139 2185 2220 2275
2060 2207 2344 2287 2180 2088 2142 2312 2581 2575 2438 2274 2166 2033 1964 1938 2076 2101 1953 1866 1853 1853 1868 1881 2019 2380 2345 2298 2383 2377 2410 2578 3039 2924 2700 2493 2500 2458 2332 2362 2744 3123 2916 2790 2769 2679 2630 2612 2590 2611 2709 2597 2497 2448 2424 2398 2381 2372 2400 2397 2370 2375 2374 2332 2317 2287 2258 2229 2212 2228 2239 2248 2216 2186 2172 2179 2161 2144 2142 2186 2204 2148 2153 2194 2242
2007 2140 2313 2517 2374 2178 2113 2251 2465 2571 2457 2352 2191 2042 1978 1991 2103 2116 1996 1885 1860 1863 1879 1900 1980 2204 2284 2541 2674 2647 2698 2589 2954 2955 2776 2646 2528 2469 2317 2385 2716 3115 2988 3094 3050 3038 2894 2767 2651 2776 2784 2652 2560 2506 2455 2422 2402 2412 2422 2408 2417 2398 2381 2372 2347 2325 2294 2244 2211 2187 2177 2198 2227 2232 2186 2163 2162 2147 2135 2155 2200 2159 2135 2172 2243
2082 2044 2238 2467 2513 2410 2167 2166 2310 2447 2491 2306 2209 2064 1976 2048 2178 2109 2020 1900 1870 1872 1879 1897 2052 2270 2461 2672 2801 2618 2645 2786 2954 2984 2761 2597 2500 2459 2316 2497 2878 2950 2930 3002 2991 3006 2989 2803 2768 2795 2707 2644 2591 2533 2496 2471 2451 2451 2441 2438 2419 2399 2383 2371 2358 2342 2324 2296 2275 2223 2184 2158 2162 2183 2185 2177 2155 2152 2155 2137 2150 2131 2138 2211 2254
2144 2061 2104 2326 2580 2446 2287 2138 2232 2457 2456 2326 2280 2093 2030 2038 2163 2108 2029 1914 1882 1886 1892 1905 2146 2265 2540 2372 2402 2378 2636 2941 2941 2944 2837 2640 2581 2471 2343 2452 3027 3093 2928 2788 2784 2859 2893 2703 2664 2783 2790 2721 2624 2558 2518 2499 2472 2467 2448 2410 2380 2354 2343 2338 2330 2322 2312 2296 2278 2260 2229 2195 2163 2141 2150 2159 2158 2142 2166 2164 2122 2129 2178 2240 2242
2110 2058 2032 2114 2425 2447 2296 2186 2332 2498 2465 2354 2221 2079 2147 2096 2115 2123 2077 1911 1901 1902 1907 1927 2086 2133 2329 2403 2624 2620 2657 2905 2955 2767 2656 2536 2544 2503 2414 2350 2875 3061 2948 2955 2770 2660 2757 2637 2615 2614 2767 2725 2630 2581 2535 2506 2488 2448 2413 2381 2349 2316 2274 2268 2281 2292 2281 2273 2270 2259 2240 2207 2181 2150 2131 2125 2126 2137 2133 2155 2118 2126 2161 2225 2236
2054 2067 2013 2019 2150 2536 2388 2233 2374 2397 2343 2269 2107 2047 2195 2141 2023 1985 1987 1954 1956 1925 1921 1927 2076 2261 2599 2830 2884 2805 2648 2814 2950 2816 2948 2704 2666 2565 2438 2375 2742 2859 3055 2915 2833 2682 2781 2719 2611 2526 2589 2712 2608 2527 2460 2413 2386 2371 2366 2326 2287 2259 2249 2261 2264 2230 2224 2231 2239 2233 2222 2208 2188 2171 2143 2124 2119 2156 2158 2135 2118 2113 2126 2196 2226
2058 2102 2109 2014 2060 2411 2447 2292 2443 2440 2427 2277 2071 2055 2152 2054 1961 1995 2079 2083 2044 1968 1944 1952 2048 2279 2514 2655 2888 2685 2469 2738 2897 3005 3006 2780 2671 2551 2488 2386 2788 3046 3113 2950 2846 2825 2953 2843 2650 2625 2586 2575 2550 2486 2402 2442 2423 2355 2319 2309 2286 2247 2229 2218 2223 2214 2206 2192 2195 2209 2216 2202 2190 2175 2151 2120 2112 2135 2167 2173 2145 2117 2108 2151 2223
2046 2085 2156 2030 2089 2405 2409 2344 2525 2483 2329 2212 2057 2062 2051 1979 2059 2036 2197 2207 2143 2047 1971 1979 2035 2202 2346 2459 2422 2457 2446 2528 2798 2984 2787 2707 2591 2649 2601 2442 2684 3183 3021 3015 3083 2997 2777 2681 2637 2710 2710 2593 2498 2490 2523 2492 2428 2381 2340 2309 2278 2231 2213 2203 2193 2188 2183 2179 2178 2170 2182 2185 2177 2170 2145 2107 2109 2122 2143 2162 2164 2127 2098 2130 2200
2085 2051 2292 2138 2237 2441 2360 2460 2447 2518 2416 2212 2084 2003 1980 2059 2201 2058 2199 2339 2338 2146 2031 1995 2018 2095 2279 2272 2349 2738 2826 2574 2885 3006 2972 2991 2769 2657 2595 2508 2598 3110 3162 2994 2881 2822 2689 2636 2601 2614 2679 2619 2581 2580 2556 2511 2451 2382 2341 2317 2278 2252 2234 2209 2182 2172 2164 2159 2160 2156 2153 2159 2167 2152 2132 2100 2099 2105 2121 2153 2176 2144 2093 2120 2165
2182 2096 2288 2267 2472 2456 2332 2424 2238 2340 2340 2133 2038 2155 2103 2127 2262 2135 2209 2411 2464 2240 2142 2100 2038 2075 2401 2442 2414 2593 2933 2908 2903 3036 2979 2861 2757 2629 2521 2567 2669 3086 3167 3021 2897 2834 3010 2800 2629 2606 2547 2530 2484 2474 2495 2524 2485 2403 2339 2291 2264 2231 2216 2200 2184 2168 2163 2155 2145 2137 2137 2135 2142 2134 2109 2098 2105 2109 2124 2149 2173 2159 2094 2111 2134
2238 2117 2199 2292 2422 2435 2430 2279 2277 2198 2098 2068 2232 2341 2244 2173 2258 2243 2159 2377 2500 2296 2278 2319 2211 2092 2244 2561 2601 2642 2891 2911 2665 2873 2956 2866 2817 2631 2562 2656 2707 3080 3075 2942 2927 3148 2992 2740 2629 2747 2791 2694 2553 2470 2397 2383 2401 2395 2377 2337 2314 2270 2254 2213 2181 2163 2158 2145 2124 2120 2123 2119 2119 2113 2088 2100 2109 2107 2121 2138 2135 2139 2098 2095 2097
2372 2205 2254 2372 2337 2519 2543 2251 2198 2088 2052 2238 2386 2362 2356 2307 2366 2354 2205 2356 2516 2407 2442 2430 2287 2103 2171 2355 2558 2588 2585 2655 2816 2889 2930 2756 2826 2645 2565 2596 2685 2984 3138 2981 2806 2965 2736 2629 2704 2843 2805 2686 2569 2481 2431 2401 2352 2320 2331 2340 2317 2311 2285 2225 2177 2156 2142 2129 2115 2108 2106 2107 2103 2094 2106 2115 2106 2123 2153 2121 2083 2087 2083 2081 2185
2298 2261 2468 2337 2310 2632 2504 2270 2114 2064 2132 2273 2408 2334 2417 2456 2430 2347 2252 2309 2471 2533 2539 2398 2285 2136 2175 2414 2478 2464 2564 2829 2802 2663 2826 2715 2805 2677 2580 2686 2698 2863 3124 2956 2850 2841 2671 2638 2691 2665 2567 2530 2487 2427 2378 2357 2378 2344 2289 2276 2274 2263 2225 2209 2200 2185 2140 2123 2112 2104 2097 2092 2088 2084 2089 2121 2097 2137 2147 2092 2077 2094 2092 2125 2152
2186 2280 2531 2273 2332 2707 2491 2347 2188 2107 2174 2306 2436 2347 2323 2401 2433 2369 2257 2333 2550 2506 2496 2372 2288 2189 2185 2438 2378 2577 2659 2759 2741 2566 2643 2702 2742 2726 2656 2752 2787 2916 3037 2964 2957 3087 2726 2577 2752 2842 2710 2623 2552 2490 2409 2342 2315 2308 2279 2253 2247 2249 2214 2207 2186 2174 2151 2135 2123 2113 2103 2093 2083 2073 2066 2071 2076 2082 2089 2079 2075 2088 2102 2148 2178
2188 2430 2334 2214 2460 2784 2616 2469 2245 2158 2204 2266 2438 2383 2376 2449 2376 2355 2301 2370 2507 2332 2456 2345 2335 2235 2231 2336 2414 2542 2536 2641 2702 2497 2581 2743 2714 2719 2635 2672 2752 2795 2885 2793 2747 3026 2685 2522 2564 2611 2537 2588 2525 2424 2431 2424 2318 2276 2254 2235 2222 2213 2201 2189 2175 2160 2149 2138 2129 2120 2109 2098 2087 2073 2060 2079 2089 2079 2068 2088 2101 2115 2096 2106 2114
